feature1	feature2	feature3	feature4	feature5	feature6	feature7	feature8	feature9
78011000	61028000		194690000	138920000	223030000	154400000	113230000	
1194900000	1014100000	1123300000	4679500000	4606000000	4709000000	784210000	760960000	550280000
10885000000	12107000000	8957500000	11763000000	9644200000	12108000000	7909200000	8703800000	8293600000
1.30E+11	1.27E+11	1.20E+11	1.10E+11	1.19E+11	1.14E+11	69597000000	76386000000	73197000000
3463200000	3826600000	3369100000	4517600000	3542300000	3596800000	3734400000	3837500000	4386500000
48757000	93851000	46245000		56702000	56998000			
155200000	181730000		120130000	156460000		113490000	157170000	
130110000	103710000	87063000	110750000	109800000		114260000	88941000	
1044600000	1098500000	1024600000	1032900000	811330000	885130000	552930000	1122000000	1288800000
1212000000	1359100000	1337800000	930660000	834420000	1084300000	925520000	1510400000	890140000
71979000000	73909000000	70798000000	67309000000	52988000000	61560000000	55512000000	56503000000	60604000000
1737600000	2179700000	1310100000	1698100000	481140000	544170000	1349400000	1176600000	1462600000
	70492000		57705000	38354000		43485000		
			49499000	62357000	73236000	58220000		
76263000	80878000		60688000		247410000			79848000
64733000	81026000		42989000			163100000	64848000	65667000
447870000	422710000	279110000	64159000	411200000	454400000	529240000	370530000	300060000
147070000	80803000	64182000	25549000		92939000	120950000	110280000	131270000
200570000	177030000				109130000	35847000	123160000	
	24256000	58190000	49064000				60110000	
31415000					61434000		53839000	
1242600000	1422300000	1193600000	1041200000	1383700000	1409700000	1276600000	1462200000	1610800000
573310000	673070000	519190000	560010000	435980000	602310000	506820000	712610000	625340000
55204000		125880000	139550000	108400000	95375000	207200000	203760000	455760000
	50403000		68244000		106360000		82303000	
		208220000		223750000	226460000			
738440000	625690000	109360000	1219700000	1073900000	967620000	1175600000	1172700000	900060000
2281500000	1888400000	2832700000	3724000000	3308500000	3462000000	3159300000	3061800000	4008400000
159460000	202210000	237410000	192350000	146230000	239630000	237190000	174500000	146190000
196840000	116660000	274260000	177840000	190790000	281400000		149540000	175430000
1037000000	786940000	849650000	1305700000	1818100000	1445600000	1183100000	1274700000	570700000
207750000	220510000	180290000	202870000	176710000	91119000	210120000	280650000	196300000
8759600000	8460700000	8782000000	6934600000	4831200000	5611000000	7618000000	7952500000	7321700000
2336000000	2273600000	2517300000	2810300000	3272200000	1845400000	1923900000	2607300000	1994500000
1671600000	1739300000	1733100000	1890100000	1736200000	1905100000	1708900000	1593100000	1584900000
	84038000		35657000	82227000	140040000	109500000	126840000	109870000
149390000	61794000	145790000	197290000	105830000	190190000	122700000	183790000	173930000
330680000	271670000	200990000	510160000	440150000	445580000	348890000	340120000	478110000
639760000	481210000	583220000	533240000	675770000	651380000	470210000	526370000	652970000
327910000	363470000	248430000	414860000	257640000	245530000	230800000	413370000	537930000
76294000	144810000		130650000				43887000	68693000
1991100000	1917900000	1789900000	2241300000	1693600000	2030000000	2237700000	2385300000	2973800000
2409600000	2088900000	1752800000	645850000	1937400000	1499200000	757890000	322000000	427070000
4827800000	4557000000	5186900000	3986700000	2461400000	2843700000	2221200000	2410300000	1936500000
1907300000	1909400000	1833600000	1900900000	1577600000	1945000000	1908400000	1500700000	2191400000
190820000	221620000		244500000	248240000	133110000	161730000	185580000	181100000
2261300000	2948600000	3220300000	4222800000	3231100000	4101400000	2267000000	3095300000	2770000000
								254940000
1502700000	1695000000	1818700000	2962100000	2432500000	2838400000	2961200000	2709700000	2448000000
1.41E+11	1.19E+11	1.08E+11	1.20E+11	1.27E+11	1.38E+11	1.16E+11	1.16E+11	1.14E+11
			6434100	18197000	7209700	36526000	48603000	
211010000		224980000		214770000	64491000	113610000	104290000	101960000
155400000	75318000				134810000	167530000		
			51729000				54384000	
1258000000	1298300000	1072700000	1155100000	1070600000	1045000000	987830000	1306800000	1595600000
3912400000	3776900000	3344900000	3651100000	3316700000	2502100000	2521700000	2509300000	2211000000
920180000	1051900000	889660000	1017400000	861600000	1130300000	701450000	788970000	800010000
545250000	290110000	272620000	385300000	313800000	684580000	284130000	330540000	427200000
		70940000	148060000					88380000
				31045000				
339100000	355210000	157850000	165720000	108510000	120620000		180670000	154650000
1523200000	1627400000	1412300000	2006400000	1249600000	1791200000	1477700000	1492800000	1556400000
			149300000		114940000	193140000	127500000	160630000
169230000	216890000	134330000	283650000	370820000	199410000	213500000	192300000	153140000
15855000000	16332000000	18589000000	8292300000	6970000000	8247600000	8778900000	9422800000	9712600000
501440000	423250000	391840000	656030000	370480000	332570000	337050000	635470000	430700000
213720000		98278000	393500000	152030000	152180000	136560000	233610000	150090000
	63700000		97304000	81356000			68054000	
1327700000	1236500000	703480000	787960000	703900000	681660000	503810000	856900000	437200000
365280000	528710000	334110000	386080000	255700000	268580000	239290000	255880000	220980000
677900000	837770000	800900000	532060000	434380000	547840000	502620000	643980000	728190000
			179480000		144190000	156750000	201460000	130720000
				30185000	21660000			
108680000	161200000		137590000	128290000	213250000	94515000		117130000
916000000	1433000000	1221000000	1792800000	1886500000	1711300000	1688600000	1770000000	1962200000
205540000								
5382200000	5077200000	5024300000	6383500000	5992100000	7122900000	6015200000	6742700000	5253600000
106030000	91379000	85309000						
8459900000	7602900000	7130900000	4684100000	7115800000	7904700000	7772600000	4902900000	5628700000
42011000					99632000	95691000	83477000	90361000
48256000		38290000		48762000	45852000		44292000	41079000
219400000	288410000	182750000	275190000	314500000	457610000	303110000	349720000	231030000
					55949000	60095000		99438000
		93999000	45154000	57906000	57309000	42640000	68602000	56658000
3212100	35615000	30121000	144620000	26928000	49667000		81703000	38196000
814450000	763650000	958020000	234570000	780520000	507800000	482250000	324570000	314320000
287420000	288190000	170830000	270630000	166300000	211490000	174750000	326870000	231060000
1257400000	1647400000	1635700000	2005600000	1627300000	1852200000	1347500000	1345900000	1900800000
307300000	301060000	303420000	529500000		396550000	261720000	302290000	229560000
1941500000	1674500000	1924700000	2379500000	1927300000	2032300000	1711900000	1881500000	1853800000
7317300000	7781700000	7984100000	4677100000	3410200000	3918100000	5825500000	7626900000	8088000000
10118000000	10135000000	9060700000	10249000000	9679000000	10340000000	9898000000	10275000000	11837000000
138840000				89044000	134610000	125180000		61547000
1318400000	1364700000	1388200000	1712800000	1349500000	1928800000	955410000	2618800000	1533400000
317210000	313350000	253350000	555550000	504160000	271630000		543680000	485920000
			63631000			62306000	76658000	
1961200000	2153300000	2756500000	2118700000	2070600000	2055500000	2073800000	2117600000	2045500000
		130360000	69135000	63695000		71221000		
974070000	549900000	706740000	818980000	820960000	746550000	292290000	496840000	232430000
				160810000	160460000			117840000
		152430000	274370000		457390000	508540000	477050000	460070000
		152330000	266920000		295620000		202530000	202170000
	11094000	16503000		357500000		13458000	65289000	
2401300000	2656000000	2406200000	3103600000	2695500000	2758400000	2395300000	2764000000	3369200000
2863700000	3126800000	3130900000	4444300000	4014200000	4405200000	3077200000	3768600000	4219800000
			203700000	271970000	272080000			
	174630000	215030000	179980000	119590000	246370000	199950000	177890000	59699000
530140000	673730000		234670000	184640000	409700000	567250000	507380000	455480000
113290000	112640000	114440000	102020000	13270000	69308000	111740000	39188000	73151000
802440000	606060000	1131400000	2307700000	1898500000	1997000000	2281300000	2882400000	2464700000
63406000	53333000	56225000						
528250000	516060000	341170000	640430000	581880000	390260000	574630000	625060000	695210000
313710000	238350000	111420000	123870000	129140000	117370000	133270000	113300000	
328660000	421340000	489030000	210890000	357190000	355610000	224920000	472550000	197270000
115290000	133890000		370670000	254880000	304230000	256750000		
4093600000	2348500000	2350300000	3499400000	5040600000	6012000000	6060500000	7063500000	6488500000
663520000	1122700000	1041900000	1529100000	1059500000	1293900000	1104700000	1282400000	1704300000
								63500000
1988800000	2050700000	2376200000	1970800000	2134000000	2612900000	1632400000	1647200000	2338200000
	80091000							
74303000000	65577000000	68853000000	27332000000	30295000000	26929000000	51508000000	43107000000	51407000000
							204270000	
				74150000	73547000	74602000	88081000	95456000
118850000	125100000		164470000	90622000	102910000	100190000	179420000	
2477000000	2372100000	2331300000	3136400000	2088600000	2496700000	2330100000	3012000000	2959600000
7317000000	7499700000	5972200000	8602300000	7817900000	7600400000	6648600000	7641700000	7851400000
	155260000	158690000		121320000		129940000	129350000	164020000
		143110000	175170000			94466000	124090000	118060000
61173000	34515000		41089000			98503000		
27259000	41921000							
1351300000	1658300000	1001800000	798820000	772770000	1102800000	956750000	931310000	1452600000
19194000			6796200			35789000		20833000
			103770000	87150000	101650000			
53730000000	56990000000	41824000000	47503000000	49155000000	54679000000	43051000000	38243000000	28545000000
		252320000		216260000	233950000	114880000	146680000	171460000
1492800000	1452700000	1516100000	1817000000	1626500000	1978100000	1646400000	1528200000	1845500000
13853000000	14804000000	15583000000	19312000000	24613000000	22135000000	19576000000	25347000000	24082000000
516210000	540560000	241160000	143700000	594000000	701220000	175860000	331260000	
339610000	377610000	592400000	370900000	148380000	228740000	131530000	230890000	423130000
4752600000	4320800000	4810900000	4077100000	4992900000	5869400000	4964300000	4651500000	5239100000
					107320000		104770000	125580000
2046200000	2201700000	1460300000	2454700000	2432300000	2637200000	2247100000	2932600000	2517300000
15294000000	15899000000	14675000000	15011000000	15464000000	15241000000	12608000000	12734000000	15320000000
3188400000	3067100000	2396500000	3055700000	2450800000	3057300000	2196700000	1960900000	2146300000
11689000000	9951400000	12931000000	12436000000	11544000000	9917000000	10015000000	10773000000	11150000000
849660000	504370000	764300000	751940000	815990000	889680000	739060000	982000000	537790000
		41291000						55541000
356060000	454800000	335980000	471270000	357410000	323570000	390470000	550680000	363120000
66465000		91961000	98223000	77523000	138700000		84840000	96100000
						39062000		
	117520000	116360000	109280000	121620000		91987000	99260000	140170000
3534200000	3554000000	3668300000	5614000000	4217300000	5281300000	5016500000	5473500000	5995300000
374620000	429810000	218330000	441650000		511520000		311430000	
	157070000	162450000	142210000	156390000	165970000	136560000		138870000
	93908000	176710000	255480000	164140000	211170000	227400000	153850000	206530000
180520000	290780000	149160000	220130000	220250000	260180000	235900000	272180000	205730000
		190510000					322310000	171820000
858460000	814400000	1007700000	428190000	266130000	494260000	510080000	379720000	738450000
505750000	576350000	709850000	312500000	264680000	228830000	620770000	552030000	430110000
430390000	447530000	307820000	237050000	218440000	229700000	265300000	343410000	200930000
719890000	945180000	866800000	694930000	293000000	383520000	596470000	481780000	578070000
400140000	245260000	572180000	444410000	497390000	471390000	543950000	480180000	350290000
1966700000	1942100000	1854500000	1138200000	1163800000	1237600000	1398700000	1664600000	1317400000
436250000	302070000	616460000	1975800000	1456000000	1022200000	2169500000	2121400000	2879000000
	30854000	73233000						
4219400000	3484000000	3999100000	3523000000	3831600000	4461600000	3745400000	3432200000	5162400000
311280000	317990000	292780000	380930000	323880000	385620000	301890000	336000000	324480000
18347000000	19922000000	17713000000	27310000000	23589000000	26468000000	18611000000	21518000000	21793000000
233660000	161460000	222280000	203500000	213960000	229300000	139840000	212540000	218130000
			97018000					
					59942000			
338590000	408000000	533870000	787610000	697060000	871170000	806900000	378290000	1335300000
3859600000	3859400000	3742900000	2647100000	2374900000	2868400000	2251400000	2115000000	2610700000
10640000000	10967000000	10962000000	9696300000	9693900000	10814000000	8272400000	9355200000	10327000000
200220000	247800000	188170000	332300000	381100000	371930000	221600000	236590000	10777000
89408000	106760000		104250000				89176000	
	107480000	130580000	149290000	179670000	71718000			
20353000000	18125000000	20159000000	23063000000	26215000000	23914000000	16032000000	22348000000	18578000000
	61995000	100520000			51900000			53309000
568320000	740800000	591750000	329780000	289590000	541620000	355790000	113570000	279970000
1132800000	1074500000	1111700000	753450000	210030000	187750000	489260000	641400000	562020000
2964000000	3341900000	2642000000	2168000000	1804800000	1828800000	1886300000	2361000000	2514300000
188360000	25031000					509500000	331980000	467540000
46173000	147320000	348290000	462380000	90200000	279860000	354890000	400200000	402720000
1017300000	1214300000	989610000	1299800000	1116900000	1136100000	907030000	1031100000	1216200000
157740000	223750000	185580000	237650000	189780000	218310000		194360000	
147060000	192400000		236670000	222550000	133220000	156950000	174220000	205410000
780980000	636140000	438010000	350100000	437520000	553450000	504500000	647140000	529260000
209760000	248800000	259240000	230950000		151830000	194280000		280950000
3361100000	3362300000	2839400000	3408100000	3018500000	4681100000	3633500000	4076000000	4238500000
1849300000	1860200000	1886000000	2479400000	2141200000	2450000000	1948900000	2491700000	2550300000
			128120000	73280000			49445000	
244580000	359360000	433900000	571940000	443260000	464800000	417710000	405800000	555790000
119780000	149510000	127340000		115930000	52091000		93043000	55016000
			27066000					
7511000000	7395500000	7523200000	7436600000	6368000000	6408500000	5348000000	5374400000	6067900000
						45088000		24962000
593730000	384520000	204000000	828600000	662310000	353120000		499940000	1088600000
74071000	72779000	124550000	88650000		92331000		77086000	123020000
129400000	437150000	83039000	167750000	140810000	137090000	53067000	25293000	60867000
2893200000	3522700000	3339700000	3224000000	3037700000	2841700000	2680900000	3099100000	2902500000
1.03E+11	1.12E+11	1.23E+11	1.09E+11	1.19E+11	1.27E+11	1.14E+11	1.04E+11	1.22E+11
8473000000	9419000000	9170700000	4321000000	3793700000	3799900000	5082600000	4920900000	4626200000
8882200000	9213000000	9756400000	2916600000	2966700000	2813000000	3227500000	3158000000	3521800000
9759600000	8663800000	10452000000	4025000000	3440300000	3942900000	3517200000	4441000000	4740100000
200890000	209600000	439350000	200340000	210750000	311970000	269070000		212630000
4698700000	6144600000	4797700000	7620200000		2478200000	4733400000	1284200000	1043000000
	2097600000	2757900000	3349100000	4946900000	3323300000	3690200000	4410400000	4075600000
4233100000	4985400000	4339700000	4309300000	3231200000	3974700000	3032500000	3331700000	3371100000
10686000000	9487400000	12805000000	9393200000	5794200000	6731900000	12754000000	11387000000	11372000000
247050000	284660000	298440000	356940000	297390000	243510000	436420000	289510000	235590000
84280000	151680000	87939000		53282000		97023000		
		5674000	6633700		60719000	19701000	25806000	
			102670000				63413000	
324470000	402130000	396780000	481190000	582470000	762540000	315550000	583110000	447290000
138410000	203190000	148290000	151510000		124160000	170390000	130920000	43771000
10018000000	11003000000	10070000000	13394000000	13016000000	12642000000	11762000000	11771000000	10609000000
474870000	386330000	385720000	292890000	345650000	330910000	471160000	723140000	549560000
		44373000				21269000		34645000
826060000	707940000	946010000	958420000	909170000	1075400000	765110000	747330000	1050700000
217500000	118910000	128660000	75913000	259990000	270850000	174360000	152300000	272720000
120620000	68517000	180490000	232810000	182170000	148780000	158820000	208760000	234890000
135810000			257020000	237290000	226960000	106860000	179860000	146670000
						24875000		
71586000	58579000	112120000	64332000	68225000	94642000	69780000	83328000	49738000
69574000			101390000		103470000	90185000		103860000
13824000000	14382000000	15840000000	7313600000	6223700000	7076100000	6892600000	7730400000	8631700000
260830000	247520000	396180000	271320000	197660000	175060000	226860000	253040000	407840000
542760000	581810000	417330000	605200000	423370000	339860000	577910000	477660000	376310000
1654900000	1879900000	2112700000	2464200000	2356600000	2924900000	2282200000	2485600000	2647600000
123100000	74359000	65424000	78779000		57016000	43019000		60689000
80035000			91062000	72629000	92515000		85963000	
56551000	80158000	85856000			78380000			
		88921000	28290000	132910000	83123000			
17651000000	19254000000	21652000000	28258000000	21012000000	21643000000	25694000000	27148000000	27442000000
218920000	170150000	285410000	508550000	342570000		215370000	163180000	292180000
95780000				33644000	49682000		41913000	83345000
32388000000	30696000000	26535000000	26447000000	27216000000	29291000000	29549000000	27532000000	27852000000
	114500000	145290000	326520000	149230000		150180000		173060000
	92863000		129000000		120620000	96468000	104540000	103820000
	3775100							1287500
1242100000	1655300000	1435600000	1340500000	1283800000	1099600000	938110000	1281700000	1221400000
	242520000	153210000	187450000	100100000		120080000	131870000	131410000
453260000	396750000	475150000	469710000	362690000	446640000	523920000	412920000	509770000
		65176000	96646000			158050000		
323150000	402840000	325980000	625580000	298560000	435650000	502820000	505190000	488160000
1524300000	1626700000	2008800000	2470500000	2159200000	2151200000	2173600000	2119200000	2103600000
98027000	48793000	111670000	24509000	429970000	191060000	344740000	196950000	51620000
					14009000		14549000	8233600
192460000	180040000	250070000	252960000	134870000	283200000	193690000	221440000	300070000
17831000000	15591000000	15774000000	12306000000	9915700000	12375000000	16239000000	12437000000	16710000000
286210000	386820000	339210000	572130000	124220000	241000000	227980000	311500000	
		160110000		274630000				899880000
493060000	230300000	476260000	334440000	251470000	466830000	283020000	178120000	245230000
		134800000	159880000				285110000	155960000
	176880000	169820000	217460000	181520000	91381000		134140000	160280000
2835400000	2888200000	2835300000	2821500000	2356100000	2626300000	2581500000	3254000000	2338500000
333440000	229580000	225350000	263770000	226600000	236000000	270940000	293480000	147530000
17071000000	17084000000	17275000000	24047000000	25175000000	25480000000	23053000000	22005000000	20900000000
860830000	676860000	1092300000	1209700000	846960000	1015300000	985940000	1189100000	1297400000
32873000	40637000		39389000	82332000		78697000	143600000	
1294000000	1949900000	1991400000	1765900000	1232500000	1272200000	863230000	360320000	886910000
654540000	571000000	362900000	317500000	663640000	829170000	568780000	430540000	514090000
81511000	79440000	91854000					129830000	106060000
136930000	99475000	147300000		44696000				54398000
196490000	151730000	109310000	164120000	74187000	138360000		127970000	
635240000	627160000	312910000	190330000	319460000	382370000			211380000
1012700000	1091600000	889520000	1207700000	1014400000	1011300000	940900000	767310000	1007500000
3591700000	3684700000	5066600000	5286400000	4754900000	3965000000	4521100000	5007700000	4725100000
533070000	552180000	194600000	643870000	472220000	478730000	408210000	496010000	375040000
	72071000		100160000	82941000			92835000	112380000
1457900000	1879400000	1623000000	2080800000	2415900000	2468100000	1411300000	2009100000	1582600000
7.22E+11	7.02E+11	6.00E+11	3.74E+11	5.53E+11	5.07E+11	4.61E+11	4.51E+11	4.46E+11
					29347000			
220760000	267610000	224250000	376300000	183860000		191130000	280940000	287040000
8867300000	8282800000	9782000000	11141000000	8976200000	10700000000	9972900000	9706300000	8955400000
227970000	149210000	274060000	154830000	919960000	399170000	618860000	790900000	758860000
283750000	365220000	228680000	261250000	322840000	449950000	233140000	298620000	304780000
				25449000				
132430000	254680000	331650000	642810000	149250000	226850000	401020000	456170000	371180000
	152270000		87154000	71755000		61699000	28031000	
15183000000	16878000000	14926000000	16666000000	14536000000	11962000000	8324500000	8400200000	9619000000
10295000000	10641000000	10053000000	10557000000	9321500000	10308000000	5432800000	5724300000	5416200000
			262130000			255470000		453990000
263060000	106590000			258990000	346270000		149840000	
	200200000	190570000	441630000	579650000	453990000	515990000	515720000	356100000
2662200000	2960200000	2917300000	2351100000	2150200000	2510500000	1814500000	2319700000	2139300000
527800000	578800000	258850000	294810000	264170000	507680000	271750000	245910000	339030000
721830000	789530000	807860000	895450000	820500000	824180000	896360000	1028300000	1381200000
2828100000	2696100000	2720300000	3162800000	2878500000	3235200000	3056100000	3367500000	3211400000
643330000	733600000	596000000	673600000	722410000	433740000	468730000	547090000	450600000
837180000	619570000	812150000	339320000	243090000	352710000	371210000	364360000	833690000
2997800000	2830200000	3580100000	2808100000	2965000000	3181900000	2472800000	2416900000	3250100000
147540000	156900000			198090000				34780000
309870000	219750000	286930000	348590000		114970000	246360000	202900000	233350000
	50171000	86775000	103010000					
11180000000	10897000000	12771000000	13388000000	12449000000	12173000000	12935000000	15765000000	12176000000
1276400000	950470000	1726500000	3403600000	1365800000	1729900000	1049200000	1726400000	1372800000
81050000						49976000		
							38453000	
5156300000	5400800000	6694600000	5287900000	5729800000	5040100000	5278000000	6004200000	6698500000
12576000000	12528000000	11370000000	9895900000	9454600000	10383000000	11087000000	12609000000	11225000000
78788000	83862000	85497000				109830000	113770000	87116000
154910000	179240000			424920000	208260000			
				120770000				
60592000	17407000			200180000		217210000	22453000	31055000
24049000			22634000	270750000	347430000	58912000	45263000	49170000
								87526000
2827000000	3474200000	3108500000	4354700000	2935000000	3272800000	2947600000	3907700000	4002600000
		249030000						
		379730000		457750000			609650000	
			337570000	197530000	220830000	260200000	341140000	203620000
1436100000	1822400000	1663400000	2086100000	1668800000	1636600000	1439500000	1612100000	1622500000
106230000	147840000	122660000	274780000	428240000	471980000	446600000	312190000	525190000
244940000	258890000	210010000	304390000	225720000	197650000	153180000	201720000	225240000
141300000			272920000	255970000	242080000	152290000	271340000	287250000
6499500000	7510800000	6154500000	8838600000	6604100000	7568500000	4212000000	7736400000	7172000000
4069900000	4516600000	3747100000	5224200000	3488000000	5073100000	5095100000	4596100000	5076600000
				178730000	409630000			139350000
4872600000	4463100000	4893400000	6527900000	4752400000	5265400000	5044700000	5195600000	5361300000
303680000	338630000	128970000	365730000	447570000	401120000	308900000	421910000	333970000
83501000				155620000	107510000			
739660000	324430000	373770000	561920000	406600000	455430000	342200000	530090000	371810000
174710000	123120000	215710000	101930000	103620000	185030000		234950000	186580000
37069000000	38122000000	37455000000	18578000000	16768000000	19695000000	30930000000	28194000000	29740000000
156040000	107890000	528540000	103490000	353210000		304090000	199920000	140620000
810430000	1083700000	1057300000	1518300000	1431100000	1190800000	1224800000	1159000000	849420000
4306400000	4737400000	4812700000	4604200000	5389700000	2023500000	2990800000	2627700000	4258800000
538230000	234160000	284650000	339340000	667480000	997540000	955160000	1039300000	1127000000
	123900000	157170000	81075000	433160000		156230000	111370000	101940000
1.16E+11	1.15E+11	1.20E+11	56128000000	69048000000	70107000000	63591000000	61034000000	67953000000
7.87E+11	7.81E+11	7.71E+11	3.92E+11	3.60E+11	3.53E+11	3.83E+11	4.28E+11	4.23E+11
3244800000	6201500000	6163400000	3073900000	2223100000	2550200000	2125400000	2684300000	2445000000
		229390000		96454000	188480000			
50122000	40672000		25767000		137720000		22893000	
		109180000	87112000	114980000	105820000	64397000	81679000	
							69965000	51431000
254010000		292430000	921740000	731230000	791100000	742460000	930040000	1148200000
16138000000	16515000000	16518000000	17771000000	13605000000	11724000000	12068000000	12475000000	14546000000
40262000000	37921000000	38384000000	38111000000	48169000000	47770000000	40449000000	39868000000	43656000000
						69937000		
2127400000	1583500000	2904000000	1635900000	780640000		776430000	1303000000	2410100000
167900000	168530000	129540000	257490000	127770000	299920000	243150000		308100000
159210000	138880000	188040000	220390000	123700000		96048000	273850000	118900000
1904800000	1708100000	2119100000	2581200000	1956500000	2622100000	2379300000	2763500000	1858700000
		26899000				17664000	39181000	25523000
416090000	415620000	530010000	994040000	564290000	608160000		485880000	506600000
490910000	584570000	453600000	398870000	534610000	825910000	524310000	606630000	377330000
			130950000		63244000	76070000	62972000	
285010000	292110000	309440000	543710000	437700000	323710000	266900000	346850000	392000000
3493100000	3544700000	3536700000	5047100000	4623600000	5311400000	3755900000	4756500000	3927500000
1170800000	938060000	1448600000	653460000	534660000	657170000	735940000	734630000	621250000
216420000	190830000		105260000	211190000		160080000	328820000	
36000000	59629000	136860000	131660000		37413000		54035000	
		35715000	51140000					
327580000	322870000		437480000	539270000	497000000	305630000	422010000	399240000
36785000000	27572000000	31284000000	25235000000	29894000000	33717000000	28269000000	30747000000	26272000000
686270000	779580000	714740000	696010000	888520000	757720000	396180000	359270000	277920000
77520000	70360000		77483000		89958000		98853000	
144280000	147920000	136990000	103060000	149120000	251410000	183890000	135560000	127750000
623090000	545810000	478480000	688650000	623510000	529940000	493140000	628230000	504020000
3182900000	3226100000	2848200000	3138300000	3677700000	3981300000	2919100000	2318800000	3063000000
217260000	230470000	395270000	811780000	407310000	500700000	407460000	664510000	728240000
			80093000					
179090000	160360000	54302000	237450000	342730000	273130000	291190000	202120000	94295000
	27344000			35710000	25048000			
12950000								
16240000000	17069000000	17615000000	14093000000	12272000000	14287000000	13904000000	15008000000	16048000000
180130000	337040000	218810000	527040000	405790000	478890000	299640000	245510000	364650000
255170000	195170000	504860000	249950000	71801000	101390000	130470000		112050000
	96529000	155900000	94280000		186150000	163300000	196880000	290100000
54286000	42965000					42533000		
38098000000	60359000000	45363000000	73520000000	37585000000	2708000000	63161000000	65826000000	51694000000
186830000	125280000	295690000	413610000	238210000	206000000	219320000	348140000	276800000
63315000	180510000	299890000	231300000		288800000	163230000	153480000	
1333900000	1064000000	1092700000	1655800000	1294900000	1804900000	1456000000	1536900000	1044600000
39590000000	37685000000	33939000000	41751000000	41159000000	42626000000	33425000000	36515000000	40522000000
1616700000	1585900000	2003000000	1994800000	1619500000	1471100000	2054300000	1850300000	1786100000
		129500000	165130000	23200000	97427000			
362010000	308080000	293300000	632590000	382250000	359040000	384190000	293140000	371020000
13204000000	11235000000	14045000000	16504000000	15299000000	16193000000	13174000000	16255000000	16631000000
926910000	714670000	715350000	395620000			845800000	858920000	692380000
1067200000	671530000	692580000	325170000	352280000	325600000	310630000	615330000	417860000
7594900000	7929600000	8184200000	6457900000	4986100000	5191100000	5833900000	6885100000	7299700000
448870000	482430000	448580000	683280000	566200000	496200000	636430000	652500000	751030000
1147500000	1021500000	601740000	943790000	685170000	780670000	939300000	1349800000	1166800000
157800000	123660000	132490000	114100000	110180000	174620000	181690000	142110000	230980000
32647000					78569000	60603000	56006000	110480000
227010000	155620000	281650000	110250000			137510000	167320000	176520000
738450000	744140000	406470000	501170000		360690000	399220000	168850000	372120000
	57225000	99163000	154740000				86345000	
3837900000	4311100000	4098800000	6470100000	5376300000	5108800000	5793900000	6368700000	7715500000
856430000	817280000	1036400000	1026100000	1555900000	1756900000	2162700000	2165300000	2331700000
283990000	359820000	229920000	221640000	209620000	251270000	187850000	185690000	90507000
55741000000	57755000000	57427000000	45385000000	39458000000	42893000000	41129000000	46258000000	43744000000
7778600000	7698700000	7529500000	11508000000	9472000000	11058000000	8884200000	10568000000	12130000000
1394900000	1569400000	1542000000	2042700000	1473900000	1658000000	1171300000	1468600000	2047200000
		52421000						36807000
	140250000		1017500000	344290000	308000000	121950000		
38861000000	36977000000	31013000000	20774000000	22580000000	11798000000	13756000000	17027000000	18655000000
3115300000	1279300000	2060500000	1478400000	1957700000	1920800000	1639800000	1909900000	1758800000
161240000	157720000	213950000	387280000	198280000	224710000	456380000	487430000	366660000
527470000	340950000		562670000	1345100000	1679800000	1994900000	3299700000	2699100000
3754500000	3751900000	3946400000	12385000000	10642000000	11911000000	25007000000	31821000000	24944000000
889170000	942240000	777660000	716120000	967940000	875390000	489620000	907260000	603380000
3742100000	4335300000	5107400000	2333700000	268560000	722220000	1846700000	2712000000	2766700000
		5263500						
1.17E+11	1.22E+11	1.14E+11	1.05E+11	93199000000	90441000000	97571000000	1.04E+11	1.07E+11
20936000000	20825000000	20642000000	19003000000	21518000000	21407000000	27295000000	29189000000	31336000000
622340000	957790000	925390000	926740000	1142400000	1189100000	935980000	1365900000	1220900000
982650000	1187100000	1105000000	975280000	1144700000	1174900000	1727500000	2686300000	2389300000
603490000	675950000	1161000000	882570000	555460000	1176300000		259210000	565510000
12579000000	13976000000	11810000000	29417000000	34716000000	36766000000	62866000000	62741000000	61552000000
9325700000	9333600000	9208500000	23320000000	17781000000	19389000000	25612000000	26899000000	25082000000
540730000	319260000	319650000	865970000	881450000	885260000	776600000	299860000	578990000
18425000000	18619000000	15354000000	11992000000	10001000000	12725000000	14910000000	15303000000	16057000000
82737000	65505000	35973000	57665000	51347000	49114000	17495000		
8738400000	8149000000	9614500000	7532000000	7200900000	8162800000	8817200000	10240000000	10375000000
166380000	87902000		137650000	409350000	98208000	140070000	291360000	
27497000000	26287000000	27331000000	23901000000	18819000000	20228000000	21348000000	20809000000	20494000000
20580000000	19124000000	19086000000	18183000000	13860000000	15968000000	11826000000	21896000000	13286000000
36048000000	33532000000	29387000000	34982000000	44902000000	50976000000	40311000000	43634000000	51076000000
1146900000	870250000	1259000000	622080000	447580000	694680000	789980000	1023600000	1178700000
5564600000	5312400000	5766900000	7203900000	7579300000	7175100000	10006000000	9384800000	11463000000
	103210000	91677000	129210000	92830000		41951000	99491000	88747000
2963200000	3142200000	3656600000	1873700000	1848700000	1903400000	2522900000	2789900000	2606500000
969260000	1043200000	899410000	1072500000	972310000	996240000	1174800000	1668200000	1187000000
784180000	886100000	950310000	790080000	611610000	656390000	717580000	863860000	827210000
522820000	517420000	723280000	215840000	373440000	334720000	350020000	410680000	535880000
				155290000	122760000	137670000		101690000
73062000000	64515000000	60939000000	51484000000	89402000000	91917000000	67673000000	51167000000	48789000000
443560000	394400000	606070000	347180000	151800000	237360000	186000000	373000000	155220000
2346400000	2019500000	1880100000	2207600000	2187200000	2605900000	2454800000	2483900000	2512500000
			208710000	231220000	265460000	226120000	392220000	370440000
538590000	622960000	534460000	323570000	287020000	482470000	316170000	223960000	234540000
1523500000	1762900000	1592300000	2457800000	2169200000	2323900000	2563400000	2765900000	2892500000
279920000	292470000	310620000	627520000	330990000	485620000	522110000	565530000	225100000
1616300000	2265700000	1891200000	3049200000	2370000000	2508500000	2479200000	2537600000	2921600000
298800000	402180000	472450000	440120000	412880000	539790000	591060000	560330000	867060000
226390000	253190000	285190000	395550000	262690000	273600000	424250000	368710000	287980000
617720000	668930000	1048900000	551720000	1073300000	927430000	1594400000	1254300000	1499500000
11023000000	11375000000	11363000000	13756000000	14962000000	14988000000	12248000000	11918000000	10800000000
345650000	635990000	576420000	201050000				98140000	
648220000	442930000	495680000	1811900000	4104900000	1067900000	2500900000	1783500000	2112200000
388860000	375070000	234160000	488110000	430740000	559050000	297800000	521300000	395570000
1339700000	1353900000	1144400000	2353700000	1810300000	2037300000	1538200000	1128800000	1112000000
5534000000	5316300000	6101700000	7773100000	8188500000	8120000000	7449300000	7079100000	7569300000
	96416000		89791000	76462000	63928000		99694000	603350000
3216900000	2173000000	2541000000	2929100000	3689200000	3755600000	3295900000	3471700000	3100700000
1890300000	1807000000	1980200000	2261900000	2056500000	1891100000	1960200000	2289500000	1913000000
1312200000	1061600000	1218300000	1684600000	2148700000	1753200000	1947400000	1825600000	1183600000
				89777000		91803000	173460000	86961000
134920000	190540000	221990000		206140000	281920000	223490000	254500000	372860000
								41212000
4986000000	5088700000	4276100000	7431300000	6614500000	6754700000	6404600000	6892700000	6082400000
926360000	1058000000	1126400000	1264100000	1222200000	646660000	856760000	1262300000	657910000
97017000				144310000	438790000	209910000	102500000	345380000
2455500000	2547200000	3734900000	3469500000	4543200000	3736800000	3254000000	4491300000	3339500000
11861000000	12619000000	14113000000	9127200000	11052000000	10805000000	16608000000	13233000000	14276000000
60627000000	57478000000	55001000000	50515000000	37842000000	42369000000	48871000000	47688000000	47984000000
6420100000	7824100000	8803100000	4879400000	4749400000	4747400000	5019300000	6002700000	5718200000
3736900000	4993400000	4424700000	5970700000	4469600000	4618900000	3480900000	3453100000	3928600000
401690000	400820000	377790000	269570000	152470000	125710000		164700000	178510000
1843100000	1901300000	2241300000	2560600000	2129500000	2639900000	2441100000	2468400000	3406700000
215980000	62765000	164730000	36398000	684010000	744850000	725230000	770700000	1000900000
127330000	153890000		199340000	282350000	263840000	191450000	263800000	
1419800000	1380000000	1502100000	1449000000	1412600000	1634500000	1509000000	1632400000	1778300000
726000000	684390000	905870000	1002200000	812640000	995390000	738320000	861430000	675150000
43840000000	48278000000	49936000000	32002000000	40705000000	46807000000	48829000000	35708000000	47089000000
1253200000	826640000	1485100000	1590000000	2150900000	2526300000	1298000000	2494900000	1935400000
359910000	592880000	402780000	678910000	710770000	699430000	562410000	860990000	889240000
	37538000		24975000		42527000		36047000	
						53751000		
148430000	174170000		166490000	131890000		135420000	158090000	149460000
5977200000	6249600000	6042400000	6665100000	5744700000	6397700000	4507500000	4397300000	5113600000
6893400000	6606800000	8279400000	6117800000	6759900000	7090300000	5391500000	4912300000	6368100000
41128000000	37131000000	36277000000	20597000000	18429000000	21670000000	20500000000	23928000000	14771000000
1561900000	1645700000	1482600000	1303700000	1434500000	1244600000	1105900000	1569600000	1215000000
806320000	954290000	750990000	705860000	1025700000	951290000	835350000	782600000	789920000
	144420000			135270000	140670000			
3220100000	3003300000	3163100000	4306300000	3404900000	4067300000	3509000000	3928200000	3482000000
9837300000	8876700000	7262500000	8915400000	11651000000	12371000000	9419400000	7766100000	8060400000
892350000	834370000	1750300000	1477700000	1756900000	2162500000	1452100000	1800700000	1883400000
14800000000	14109000000	16099000000	10607000000	9537800000	9739700000	13340000000	16433000000	14175000000
1656300000	1294700000	1823400000	1958000000	1441400000	1592000000	1412000000	1708000000	1303700000
1539300000	1452700000	1403500000	1951800000	1594800000	2300000000	1467100000	1728400000	1512000000
58276000000	52383000000	62026000000	22865000000	21241000000	20156000000	29072000000	33486000000	26440000000
4284000000	3988000000	4161800000	4697400000	6975000000	6217200000	4186800000	3603400000	4368400000
7049600000	6021300000	4976900000	6107800000	8807800000	10719000000	5890700000	7328900000	10493000000
1.17E+11	1.05E+11	94855000000	98484000000	92715000000	1.06E+11	1.00E+11	92929000000	1.05E+11
1950000000	2078600000	2561200000	922210000	1363900000	1074300000	1331000000	1421700000	1387600000
92928000000	1.04E+11	1.05E+11	80628000000	76613000000	79613000000	85460000000	1.01E+11	96763000000
	264430000	276800000	307080000			269890000	379880000	268320000
16751000000	19368000000	14305000000	18747000000	18270000000	16961000000	13623000000	14350000000	14757000000
50263000000	49316000000	49679000000	60488000000	56330000000	56049000000	66065000000	67561000000	67335000000
11259000000	9219100000	10802000000	9776700000	13496000000	11958000000	12071000000	12030000000	8863800000
			255780000	251650000	263530000	215870000		
3296300000	3329700000	4167600000	4527600000	3821600000	3636500000	3781400000	4088500000	3246800000
930110000	1071400000	962730000	755250000	594830000	792950000	702630000	920670000	1192000000
1111500000	1292300000	1600500000	1116400000	1700500000	3192600000	951010000	910700000	965000000
2122600000	2194500000	1796100000	2371500000	1925700000	2065500000	1854700000	2301300000	2780300000
1213900000	1282300000	927020000	1349000000	1421000000	1932700000	1610600000	1355400000	1904000000
5710100000	4854100000	5855500000	5963300000	5976100000	6210200000	6088300000	5638600000	5567900000
810440000	698930000	175420000	972350000	867790000	1056300000	871980000	1103300000	614570000
6766700000	6900700000	5679700000	3561400000	6579600000	6467800000	5605300000	5613800000	5745900000
1283100000	1387500000	1415800000	1501600000	1624000000	1724900000	1382000000	1780600000	1940700000
1102400000	1199600000	1181600000	1730100000	1813700000	1566300000	1622900000	1757500000	1598600000
112570000	124330000				89336000	130400000	64083000	
343540000	470990000		709990000	398980000	560970000	476860000	668790000	538880000
6878200000	6861200000	7218700000	9655100000	8109400000	8901200000	5627800000	6416600000	6836500000
624900000	720410000	501730000	609870000	583970000	650390000	544540000	286700000	257540000
3361300000	2703000000	3732500000	3090200000	3340700000	3144600000	3148300000	2906400000	2878300000
774820000	1188300000	856790000	929030000	1101900000	826340000	1006200000	1346300000	246670000
165250000	155470000	93532000	259240000	172540000	301460000	158810000	147890000	
1.03E+11	1.11E+11	1.03E+11	66624000000	48191000000	55860000000	55659000000	55553000000	65651000000
10821000000	10202000000	12438000000	5023900000	4742800000	4430600000	6392600000	6469700000	6485200000
56540000	48306000		121950000			84100000	75746000	74978000
42694000000	44479000000	44488000000	38149000000	36606000000	35856000000	40592000000	42182000000	43494000000
91642000			108840000		412140000		116150000	140680000
			145260000		142700000	139050000	174890000	169860000
1186800000	1161200000	823770000	1644400000	1591400000	1260700000	1356300000	1737200000	1402600000
							58488000	148750000
	233310000	197860000	194010000	267390000	318500000		474110000	179840000
1785600000	1426900000	1584400000	2004100000	1358800000	1369900000	1982700000	2234000000	2462500000
15727000000	17387000000	16808000000	19402000000	17860000000	18219000000	18674000000	17405000000	21335000000
1732900000	1542300000	1993700000	1741300000	2560100000	2150200000	1083200000	2028500000	2189800000
6244500000	4778700000	3331900000	5443900000	5396300000	6241900000	4095700000	5479400000	5489600000
3816100000	4663300000	3782100000	5063500000	2873800000	3446100000	3876700000	4178500000	5097300000
12878000000	12767000000	13418000000	19205000000	13333000000	15426000000	13426000000	11530000000	12164000000
21131000000	21661000000	22858000000	20711000000	19861000000	19041000000	19516000000	20470000000	15321000000
2464500000	2346400000	2701700000	2935400000	2862600000	2986000000	2241000000	3189600000	2127200000
4954900000	4635500000	4331700000	6210500000	5662500000	5908700000	4354800000	5341600000	5297800000
298690000	94816000	353840000	42044000	383010000	442690000	283080000	506350000	606530000
	90660000	122300000	96947000			123840000	191710000	126120000
4044200000	5018200000	3916400000	7332000000	6643200000	6618900000	4236100000	5945000000	5691000000
646830000	540370000	305130000	614060000	749540000	1483200000	618360000	510110000	560750000
		122010000	161290000	197020000	109130000	117120000	148420000	159290000
1325300000	1516000000	1675000000	2006500000	1370800000	1710900000	1002300000	1412700000	1856100000
3332900000	3640300000	3345600000	4328300000	5110400000	4827300000	3873900000	4734700000	3065500000
822910000	969200000	934650000	965650000	984420000	1054600000	1045200000	757410000	931990000
1062800000	990040000	1131900000	729320000	414480000	472300000	708850000	579930000	865530000
490630000	700870000	701680000	857580000	876170000	913490000	279600000	752700000	888390000
232100000	302690000	210360000	479620000	364890000	315310000	374900000	307720000	406570000
2892500000	3116800000	2960100000	3789000000	3867000000	3891300000	3775500000	3968000000	4691000000
1322400000	1425100000	1269700000	1192000000	1885100000	1708300000	1220300000	556870000	1252400000
					67834000			
5863100000	6612500000	5593300000	7947500000	8543400000	8188500000	6857900000	6500200000	6832600000
			155720000	150500000	154050000	297250000	432610000	323660000
152120000	168850000		352060000	298920000	306500000	195150000	186200000	117250000
3189100000	2839400000	2443700000	2953500000	3606700000	2035300000	2246600000	3153700000	3540600000
				119280000	74676000	161640000		
2035200000	2213900000	1659100000	2098100000	1880700000	2417900000	1703800000	1685000000	1350900000
265340000	218830000	277030000	286190000	431970000	413990000	265440000	359360000	385990000
1143500000	1168900000	1466500000	1644700000	1345100000	1666900000	1485200000	1435400000	1559500000
729920000	770510000	736120000	755180000	1114100000	1257200000	746500000	926230000	922860000
4252100000	4065300000	3933000000	3861700000	3382900000	4114700000	4256800000	4378800000	4228700000
63003000000	55041000000	54457000000	61385000000	61297000000	68879000000	58473000000	61707000000	67232000000
		29983000		165800000	162350000	157170000		160160000
3404800000	3417200000	4528400000	4654200000	4645900000	5664700000	3718000000	4006900000	3950900000
3116200000	2475900000	3365600000	1976300000	1974700000	2344500000	2079800000	1997000000	2216800000
533670000	626620000	397050000	1546900000	1149900000	1078300000	1038600000	1479200000	1064600000
		114480000						73258000
42825000000	38932000000	33866000000	29727000000	22313000000	27458000000	33380000000	37792000000	32402000000
92467000	115500000		233850000		150370000	127000000	143730000	
95557000		99084000	306740000	185830000	222480000	170180000		155840000
7025600000	8074300000	7386500000	8458600000	10936000000	10853000000	9201000000	9511700000	8402700000
160700000	29863000		14726000	220370000	356010000	309660000	323800000	392610000
474900000	441770000	286420000	495930000	1106400000	560090000	474330000	411940000	357350000
927110000	1091900000	1275100000	1516100000	1234600000	1211300000	1091100000	1099800000	1450200000
2420900000	2939700000	2673800000	2366700000	2449300000	2821400000	2404400000	2338200000	2281400000
6311200000	6904700000	7083300000	6332200000	4802800000	6863600000	6803800000	5904200000	8118000000
215360000	204020000	218050000	271360000	287880000	480920000	239340000	259610000	246860000
1326700000	1347100000	1447600000	1789000000	1340600000	1397000000	1186000000	1555800000	1660400000
900320000	862350000	902830000	620330000	487850000	710880000	591150000	433420000	570460000
564110000	702630000	734770000	800640000	546970000	739800000	626580000	730470000	807650000
6986000000	7096500000	7418000000	10657000000	10268000000	10281000000	7697200000	7806500000	8614000000
134440000	139490000	70033000	72561000	176600000	234900000	110490000	125970000	225360000
2431000000	2504400000	2365900000	4907300000	2473500000	3500500000	4415400000	4570600000	2912000000
760330000	871380000	1275900000	1496100000	1643000000	1472200000	1117300000	1155800000	1477000000
775180000	619060000	502680000	506670000	572390000	1147700000	553390000	780680000	777760000
331010000	140170000	219370000	94780000	545860000	196820000	489900000	442450000	449800000
1879200000	1806100000	1593400000	2269800000	1672900000	1612700000	1907900000	2104300000	2503800000
13233000000	14104000000	10884000000	17586000000	16271000000	18675000000	16653000000	17393000000	20563000000
148510000	99179000		234310000	151610000	170970000	167210000	151520000	
8052100000	8284100000	9212100000	11289000000	11396000000	12821000000	13828000000	14798000000	15802000000
2837800000	3167800000	3353800000	4908900000	3331000000	3675200000	3309500000	3696500000	4168700000
25551000000	27919000000	29299000000	24984000000	25355000000	30428000000	24839000000	23821000000	27452000000
695390000	695130000	614600000	960400000	1219200000	1380100000	1047800000	841230000	877540000
207680000	147670000	127680000	191260000	156360000	148890000	330580000	215930000	137920000
225010000	206180000	226440000	221050000	240590000	251490000	188110000	116340000	144710000
521960000	498150000	290310000	643030000	780980000	658930000	582470000	525270000	582310000
1941600000	1769100000	1801800000	1491700000	1447500000	1424000000	1353400000	1435400000	1342500000
323620000	392210000	370750000				269860000		250470000
				71804000		66290000	103140000	
99367000	117650000	76680000					232660000	172230000
8930800000	10087000000	10548000000	11219000000	9726600000	9638300000	9583500000	9861700000	10126000000
652880000	816490000	974670000	804980000	640300000	576510000	891790000	838330000	1056700000
4225400000	3884900000	3633600000	5561600000	4529500000	5360900000	4148000000	5106600000	4949200000
4979200000	4907700000	4701400000	6048800000	5761800000	5766500000	6171500000	5087200000	5990700000
325940000			244550000	214260000		183680000		178080000
1293800000	1383000000	1566600000	2221500000	8078400000	2313700000	1327300000	1888600000	507640000
1907300000	2009700000	2581900000	2500100000	3324000000	4196200000	2458900000	1343300000	1872600000
1258600000	1104400000	1624500000	2195800000	1566700000	1897700000	1638800000	2210400000	2299900000
246210000	351430000	144600000	315930000	310730000	134850000	407170000	468140000	297240000
282070000	87452000			331290000	494500000	330120000	453420000	591140000
3711400000	3484100000	3370200000	5155100000	5001700000	5089500000	4695200000	5927900000	4904600000
8265300000	7319700000	7434200000	11599000000	12819000000	10410000000	13119000000	11505000000	12443000000
767650000	712170000	1008600000	1220900000	921010000	723090000	1225600000	1190100000	1193500000
32064000000	30402000000	29863000000	21938000000	21952000000	21132000000	28982000000	33698000000	35689000000
6925200000	4749400000	2210800000	4795400000	17307000000	22272000000	10349000000	17591000000	15536000000
1004800000	1083200000	1527100000	1305000000	1095900000	1349800000	951850000	1103900000	977830000
2721000000	3400300000	2952100000	2726600000	3257200000	3058500000	2724100000	1642900000	2234200000
7029400000	6768900000	4747400000	8558800000	9453500000	8013200000	9067600000	10501000000	10314000000
1650100000	2034900000	1601300000	3515800000	3312000000	3398100000	2635400000	3877400000	2959200000
13015000000	12067000000	12026000000	14129000000	11072000000	15321000000	16744000000	19214000000	17094000000
6872800000	5675700000	4662000000	8112000000	7390700000	7024700000	6532400000	7269600000	7799300000
1324400000	1381100000	1233000000	1988800000	1622800000	1853300000	1733200000	1570000000	1599600000
2315500000	2850200000	2490600000	3522600000	3249700000	2963800000	2942100000	3350300000	3324600000
5955100000	4975500000	4254500000	7788100000	6543600000	2972600000	5598400000	4852200000	4263800000
	80708000		164540000					
834820000	875960000	965270000	835210000	871620000	975360000	870650000	842200000	539950000
6057000000	7525000000	4933200000	6681600000	5760400000	6861000000	5347600000	5343100000	5815100000
30730000000	31508000000	30622000000	24197000000	30107000000	31151000000	24461000000	25130000000	22619000000
	106320000							
			34439000	107150000		43566000	105740000	
1892900000	1889000000	1759100000	2125000000	2147700000	2396800000	1804800000	2037900000	2314400000
1679500000	1895300000	2192100000	1694800000	2126600000	1943400000	1246400000	1038900000	1366900000
647660000	982100000	887310000	961820000	432720000	480150000	582050000	875770000	721390000
189820000	246310000	225030000	200480000	175290000	590490000	180660000	154190000	250410000
22395000000	24208000000	24094000000	26280000000	23646000000	22081000000	24025000000	26662000000	25381000000
32413000	20899000		1780000000	2011400000	1758700000	182080000	203450000	149980000
2859800000	3319100000	2755300000	3737100000	3809400000	4613900000	3042100000	3906600000	2572600000
1474600000	1513400000	1427900000	1940200000	2096600000	1948700000	1644600000	2190500000	2581400000
842960000	570550000	615720000	569630000	900800000	1424700000	823850000	810080000	816660000
				156360000		231350000	36267000	54056000
10560000000	10362000000	9402500000	14200000000	14506000000	15606000000	11525000000	15871000000	11240000000
93747000000	94358000000	90963000000	1.06E+11	1.04E+11	95906000000	97170000000	91361000000	1.07E+11
532710000	520070000		1068500000		601010000	971710000	542000000	1089200000
1.12E+11	1.12E+11	1.04E+11	55848000000	45304000000	49667000000	61618000000	74420000000	64966000000
246480000	210840000	162380000	239870000		13127000	443070000	82927000	
		61382000	58917000					54167000
1.21E+11	1.16E+11	1.10E+11	53659000000	56760000000	55871000000	54383000000	61007000000	64108000000
44965000000	51453000000	41257000000	45375000000	47740000000	48667000000	21641000000	24070000000	21123000000
396490000	403570000	604190000	628830000	648290000	913410000	447540000	551690000	662410000
370580000		365150000	339060000	311010000	322930000	330780000	328090000	
4816000000	4733600000	5537900000	8014700000	2863200000	5151200000	8546400000	8335800000	8550700000
3096000000	3408200000	3081800000	3263200000	6710700000	2467400000	4248600000	3435800000	4669900000
		176210000	162090000	351040000	279050000	218420000	229810000	147920000
		83797000						16612000
173480000	203050000	144180000	244080000	49475000	348760000	89600000	363660000	
		80692000			91598000			
2784100000	2772600000	3377600000	3265400000	2067300000	2218700000	2795400000	3276200000	2789000000
513450000	587410000	855690000	1185100000	799090000	1022700000	969310000	709460000	789870000
79385000	136460000	134170000	163000000	115170000	144690000	132810000		154390000
525640000	726190000	787300000	842030000	932550000	685440000	550100000	798340000	933840000
28117000000	29030000000	35334000000	34973000000	34571000000	37572000000	26481000000	28640000000	29387000000
838050000	572980000	864010000	1130100000	1194400000	1009700000	714570000	852940000	1038000000
1112100000	1374800000	1273100000	1482200000	1000100000	1271200000	1151100000	1180500000	1393000000
1082900000	898720000	1121800000	1052400000	800690000	866150000	1130700000	1266500000	1281200000
161470000	114990000	163020000	221810000	116090000	155210000	167970000	202130000	210430000
419800000	634870000	776980000	456240000	354820000	500550000	568320000	569000000	391070000
14360000000	15084000000	15151000000	8403100000	8186300000	8825700000	10322000000	12773000000	12218000000
550080000	652770000	272840000	739160000	486300000	526980000	572420000	546920000	606760000
	212670000	299990000	128180000	168890000	166470000	111380000	127790000	188670000
			116420000	125390000	97252000	116340000	162060000	215840000
146070000	263490000		143660000	173470000	217910000	123790000		
	247680000	342550000	661370000	581050000	483630000	473700000	473340000	394790000
997530000	956710000	920280000	1384800000	1420500000	1417200000	958010000	1285600000	1424300000
163000000	165610000	162290000	265540000	232010000	243990000	125500000		208390000
5899100000	5977600000	5111100000	5485800000	4394900000	5998400000	5661100000	5127200000	5833900000
9987600000	10298000000	11128000000	10158000000	12608000000	12221000000	10024000000	9432100000	10419000000
267080000	157320000	348360000	4379400000	1868500000	2877300000	306290000	464280000	799660000
1.13E+11	1.16E+11	1.15E+11	1.32E+11	1.20E+11	1.32E+11	1.05E+11	1.15E+11	1.09E+11
3198200000	4569200000	2970700000	3370000000	3379200000	3816700000	4000800000	2901000000	3438100000
3049300000	3255000000	3167800000	2403300000	3277000000	3198500000	2949500000	3265600000	3423800000
5053200000	4628400000	4273400000	6067400000	7065000000	4897800000	4143300000	3028800000	3663100000
			77587000	66956000				56134000
1608700000	398500000	377570000	462090000	155460000	453430000	392360000	443750000	362250000
273400000	229940000	298650000	411610000	353060000	395640000	387050000	432490000	350860000
455110000	660400000	748860000	653140000	694440000	829180000	442600000	274770000	616490000
1767300000	1525500000	1828100000	2202000000	3977600000	2741700000	2462800000	2035800000	2220900000
375290000	411550000	498540000	354890000	584590000	427850000	392730000	267950000	365790000
5367000000	5805500000	5462000000	7980100000	6445500000	7847900000	5057900000	5682900000	5692800000
124700000	122140000	175360000	176190000	195610000	210340000	179820000	203180000	122610000
31041000000	37067000000	36837000000	15310000000	12976000000	14195000000	14623000000	13890000000	16855000000
373190000	243630000	268890000	494080000	364230000	209070000	441480000	418020000	309620000
34121000000	38611000000	34728000000	33485000000	28097000000	31620000000	32428000000	30128000000	36457000000
239880000	235420000	332860000		245530000	271930000	130860000	102960000	93759000
538250000	521780000	385040000	752480000	928140000	1553100000	926900000	846700000	917360000
12618000000	13775000000	11638000000	12846000000	10888000000	11822000000	11609000000	11274000000	10937000000
2373200000	2571600000	2105600000	2954900000			1667000000	1710100000	3167300000
14373000			17180000		36782000	69261000	97479000	144740000
8782000000	9188900000	9489400000	11654000000	6002400000	9227700000	10225000000	9081700000	8753800000
10599000000	11537000000	12363000000	15030000000	11275000000	11375000000	10460000000	11517000000	11048000000
	320630000		258530000	143580000	266840000	229050000	216320000	251910000
21509000000	20113000000	21740000000	14946000000	11329000000	15170000000	15149000000	17766000000	16033000000
				120510000		104830000	50679000	
8655400000	9299300000	8278800000	10553000000	10312000000	11967000000	9728100000	10539000000	11677000000
9642100000	9465800000	10858000000	12830000000	10404000000	11864000000	11317000000	11258000000	10907000000
10278000000	10825000000	9985800000	12461000000	8410400000	10605000000	10344000000	10638000000	11459000000
162070000		219490000	195140000			157780000	182020000	189180000
3237700000	3146300000	4415900000	6161800000	4158100000	4499800000	3821600000	6597600000	4362800000
480460000	645100000	412570000	482180000	773850000	516180000	625420000		360870000
1070900000	878670000	215120000	911970000	1045400000	2420100000	1587300000	1425300000	1419900000
142470000	100690000					127310000		190390000
119500000	146130000	94769000	50264000				71901000	
2355500000	1917800000	2397900000	2438400000	1589900000	1979000000	1185600000	1532300000	1974800000
6569800000	7091000000	8592400000	8068400000	6888000000	9397900000	5977500000	6983000000	7054700000
29962000000	30586000000	31965000000	55848000000	50519000000	48949000000	35471000000	42094000000	43799000000
19668000000	20615000000	19878000000	24215000000	22904000000	23279000000	20768000000	24638000000	24712000000
2387900000	2519900000	3957300000	4272800000	5577100000	3096500000	3150100000	3271000000	3305200000
	239680000	105270000			65942000	165070000	185740000	378880000
452920000	366530000			397610000	532290000	206770000	287310000	
63400000	76145000	118090000	74908000	436840000	16236000	145860000	80483000	91578000
686720000	624190000	563040000	523410000	333750000	429740000	368670000	379980000	174920000
62425000	58207000		67315000	68880000			59178000	
340270000	371270000	295280000	490330000	552770000	457740000	367380000	355740000	325810000
4518200000	4731800000	6598600000	5706300000	4788500000	4827600000	4322600000	4986800000	5350200000
1030900000	1475600000	1402200000	4310500000	3540000000	3342100000	3446400000	3787200000	2880500000
2509200000	2649900000	2386000000	2549300000	2224200000	2787300000	2818300000	2705400000	3383200000
181070000	256920000	158010000	45054000			79649000	133480000	
618720000	522480000	724370000	265100000	187880000	261510000	436900000	531910000	481310000
1345900000	1204300000	1425300000	1541500000	1561300000	1515500000	1262300000	1687800000	834470000
15772000000	16295000000	13114000000	24475000000	19914000000	23083000000	21266000000	25640000000	25331000000
1648700000	1700200000	1462700000	2048200000	2015500000	1989300000	1700500000	1709600000	2425800000
187550000	274880000	115810000	86637000	363920000				68219000
12226000000	13012000000	12865000000	18832000000	16349000000	12925000000	14280000000	15640000000	15056000000
1587500000	1347600000	1600600000	1665000000	1303600000	2085800000	1453500000	1967000000	1681900000
54046000000	50475000000	54751000000	57870000000	50197000000	56353000000	46576000000	50247000000	52222000000
337310000			646520000	447730000	401820000		478360000	
63487000	72804000	86084000	97395000	104260000	84213000	123430000	92312000	30239000
187490000	253020000	282840000	275180000			493720000	388120000	348900000
7214300000	7555100000	8515900000	8144600000	8826600000	10467000000	6865000000	7090000000	7976500000
1623600000	1690700000	1542300000	1680100000	1400700000	1583400000	1640100000	1892900000	883470000
443040000	336720000	377120000	471530000	559800000		349020000	250830000	519630000
27804000000	27567000000	24139000000	33298000000	25404000000	33342000000	27522000000	27588000000	34169000000
646890000	880320000	935810000	848360000	754100000	969390000	429930000	612690000	880240000
195810000	171630000	231090000	210000000	216730000	234220000	189350000	144970000	255530000
36481000000	35121000000	34048000000	18190000000	17743000000	16623000000	21579000000	19730000000	19481000000
286550000	257450000	464660000	402730000	257000000	320600000	225680000	407330000	652440000
614280000	907080000	710530000	1274500000	1076800000	1075900000	1266500000	1221000000	792200000
7015100000	7154600000	6665600000	9338600000	7670300000	8484900000	7685400000	7502300000	9020500000
292760000	294760000	412700000	469660000	316640000	349800000	304940000	380490000	360530000
1081600000	1012900000	873470000	1405800000	1140800000	949180000	995150000	978570000	866530000
	49370000		57053000	59302000			93974000	
12391000000	15294000000	13700000000	16306000000	16130000000	16812000000	17237000000	21019000000	19067000000
1478500000	1620200000	1528700000	2605500000	2520700000	2527800000	1394500000	2035900000	1775900000
3749300000	4290100000	3534200000	10335000000	11621000000	5846300000	2937000000	2543500000	2713200000
			145890000					135780000
340760000	707990000	294200000	649330000	497790000	425050000	342890000	506390000	253270000
4951300000	2723800000	4711500000	6897500000	4066100000	3908000000	4857500000	7177400000	6886100000
9109300000	9432600000	9048200000	17194000000	15163000000	17183000000	15295000000	16134000000	15564000000
11631000000	14127000000	9903100000	10447000000	21184000000	22589000000	13315000000	10682000000	11778000000
9425300000	7964900000	6041100000	14139000000	19794000000	15862000000	13404000000	14865000000	24143000000
19712000000	24434000000	23082000000	29366000000	27928000000	28141000000	26606000000	32938000000	32298000000
11789000000	11285000000	10413000000	20476000000	15450000000	18247000000	17226000000	16280000000	18618000000
15110000000	13999000000	15384000000	15423000000	46961000000	18738000000	30988000000	26716000000	27573000000
15318000000	15564000000	16803000000	24446000000	32729000000	29569000000	24101000000	25100000000	25262000000
13480000000	12172000000	13284000000	18379000000	16573000000	14651000000	18223000000	25705000000	21157000000
14790000000	12410000000	10070000000	23038000000	21521000000	22359000000	19896000000	21787000000	19928000000
11304000000	11250000000	12516000000	18070000000	14551000000	8992900000	18006000000	15406000000	17296000000
17179000000	14912000000	15505000000	23161000000	19738000000	19073000000	22154000000	22659000000	11663000000
14389000000	15043000000	13254000000	23178000000	38141000000	25862000000	33714000000	36998000000	36109000000
23291000000	24081000000	23623000000	38147000000	35933000000	38386000000	31138000000	33064000000	33021000000
24354000000	26711000000	26554000000	36148000000	26889000000	29713000000	33444000000	36976000000	30990000000
20850000000	20882000000	20960000000	28400000000	24262000000	25116000000	25055000000	21803000000	21967000000
16180000000	15954000000	15923000000	28893000000	24799000000	26109000000	22729000000	29244000000	22649000000
13700000000	13523000000	12597000000	17909000000	23495000000	18955000000	21987000000	18575000000	27385000000
39093000000	39491000000	45286000000	69502000000	61021000000	61519000000	63368000000	67530000000	63765000000
21764000000	23545000000	23512000000	31020000000	32330000000	29337000000	26203000000	30918000000	33783000000
142310000					288420000			
2553200000	2359900000	1540100000	2147000000	1098200000	804610000	1822600000	2021300000	1560700000
1918100000	1972400000	1254900000	2757600000	5078900000	4306700000	4797400000	4494300000	5640300000
153700000	178510000	247310000	350060000	1934400000	206500000	546790000	325970000	447040000
222160000	231720000	266490000	350830000	5228500000	658530000	577120000	496300000	410530000
5151400000	6709400000	7171300000	10494000000	9610000000	3253700000	8512400000	9009100000	9490100000
15033000000	13423000000	13805000000	22055000000	38841000000	40293000000	35739000000	36436000000	42194000000
8003800000	11495000000	9771600000	18915000000	10158000000	16502000000	14416000000	14629000000	15412000000
8521300000	7798600000	8774200000	11550000000	10234000000	14956000000	10336000000	9035000000	7993200000
182930000	337520000	3816500000	580890000	6208700000	300490000	3988000000	1401100000	4239000000
9593700000	8484300000	10036000000	14310000000	16841000000	15589000000	17465000000	15775000000	15402000000
9157800000	8266900000	7142300000	8910100000	14720000000	13808000000	16188000000	7520000000	13411000000
7040700000	7625900000	5561100000	7370700000	6847300000	12664000000	9658300000	10412000000	8236000000
7066300000	10011000000	7675000000	5875200000	11573000000	10279000000	12951000000	6637600000	8078600000
2392000000	2464100000	1201400000	2030000000	11854000000	2815800000	8382700000	3308700000	3074300000
15626000000	15963000000	12891000000	14730000000	22153000000	17375000000	19165000000	12687000000	16899000000
22204000000	22019000000	21178000000	28489000000	28998000000	40171000000	29179000000	24794000000	26893000000
10286000000	7776300000	8039900000	6652400000	5097900000	13448000000	7395000000	7051100000	7942800000
14643000000	11894000000	14213000000	14267000000	12374000000	14263000000	23082000000	15238000000	19868000000
7762500000	9174000000	9181000000	9459200000	13468000000	9508900000	10890000000	10212000000	10674000000
13333000000	14307000000	12195000000	17183000000	17959000000	16481000000	18756000000	18800000000	17736000000
19933000000	16961000000	20110000000	35323000000	37860000000	36268000000	32671000000	37606000000	40665000000
8805100000	9464100000	9239300000	12575000000	17570000000	13368000000	13740000000	15063000000	14731000000
18852000000	20219000000	20492000000	24039000000	34496000000	27689000000	22943000000	24433000000	29367000000
8561600000	7222600000	7378400000	12113000000	7570800000	9047300000	12782000000	14036000000	12247000000
13968000000	13910000000	14198000000	20330000000	19729000000	19662000000	24428000000	20109000000	22527000000
15785000000	14813000000	16988000000	23344000000	16419000000	22322000000	16431000000	17806000000	16053000000
19840000000	18274000000	14210000000	18787000000	25147000000	29156000000	29489000000	19346000000	23246000000
19393000000	16448000000	18248000000	28378000000	30371000000	22787000000	26988000000	27119000000	22085000000
20185000000	21570000000	24931000000	39511000000	32392000000	32608000000	29942000000	31036000000	33883000000
1000800000	1159100000	1065700000	2330800000	2170900000	2221500000	2614700000	2305200000	2219900000
1647300000	700170000	563570000	26166000	2265900000	4438900000	4176200000	1194200000	2551400000
25000000000	24770000000	16759000000	31980000000	35453000000	31103000000	36486000000	41482000000	42812000000
23419000000	23893000000	18472000000	24714000000	29675000000	30712000000	27286000000	28849000000	20873000000
47014000000	49655000000	43875000000	53100000000	50511000000	68178000000	57540000000	60180000000	67025000000
5978500000	7291500000	7451200000	5929900000	6112000000	6660500000	6378100000	6877200000	6772600000
41505000000	38846000000	38689000000	63700000000	56182000000	59377000000	56227000000	64197000000	61267000000
16007000000	15233000000	17280000000	23272000000	15918000000	15876000000	19045000000	18098000000	20223000000
3076900000	3786700000	3548600000	5310200000	6102000000	5135900000	5448300000	5976700000	6722600000
45420000		160950000	13078000	883100000		3980600000		361320000
10049000000	11059000000	9499500000	11630000000	10917000000	10731000000	10133000000	11143000000	10951000000
1124500000	1449200000	1443700000	1140400000	972050000	1019500000	1220800000	1282400000	1250500000
6130400000	6598900000	6372200000	6313800000	6764900000	6458000000	5928700000	5817100000	7815500000
1164800000	1265900000	1430200000	1756300000	1517700000	1615700000	1073100000	1560000000	857220000
1910700000	1373200000	1463100000	1736700000	461880000	2749700000	2369700000	3232500000	3172800000
	112840000					79548000		
17658000000	19158000000	18154000000	25438000000	22662000000	23899000000	17290000000	19133000000	19787000000
3910400000	3511600000	4485200000	3425100000	3923200000	3928200000	3571700000	4238800000	3772000000
2525600000	2280300000	2741000000	2406700000	3317800000	2978800000	2210100000	2541200000	1975800000
12224000000	12209000000	10957000000	11579000000	11037000000	10413000000	12284000000	10230000000	11864000000
	161160000	252020000	414010000			914850000	1243400000	479070000
						1096200000	63568000	49538000
120720000	159300000	128260000	77054000			69561000		
54209000000	51390000000	55978000000	48397000000	67257000000	62091000000	57188000000	41668000000	46182000000
11133000000	11758000000	9875300000	11831000000	11836000000	12611000000	12017000000	13222000000	13538000000
3702100000	5077600000	5839800000	772220000	672460000	818690000			
83306000000	79366000000	76472000000	88594000000	77596000000	95086000000	71679000000	65224000000	73904000000
149760000	153400000	137180000	204080000	587380000	135090000	193110000	133290000	
310900000	348920000	291040000	446430000	439740000	466190000		383790000	393280000
8985200000	9753000000	10344000000	4853900000	3868400000	3646900000	4484200000	5946700000	6041200000
16270000000	17594000000	16556000000	7749600000	6624800000	7742500000	6275600000	7284200000	8416500000
559080000	638740000	537800000	326260000	506370000	340720000	306080000	279270000	277270000
20064000000	20167000000	22252000000	20660000000	18202000000	19324000000	17629000000	24742000000	21891000000
11152000000	11527000000	10915000000	11932000000	9955800000	10708000000	10880000000	12090000000	13296000000
			151310000		152170000	142630000	170770000	270660000
1218000000	1048800000	1075300000	885950000	336590000	303460000	755060000	783120000	749410000
1.21E+11	1.17E+11	1.03E+11	1.11E+11	89279000000	1.06E+11	98686000000	96487000000	1.02E+11
6211300000	5618500000	5855000000	3530100000	4259400000	5197600000	4758900000	4198100000	4666600000
700350000	776510000	738620000	813170000	623170000	850760000	609660000	729090000	687290000
1157900000	1528700000	1214800000	1067400000	1312200000	1234100000	600380000	971900000	909460000
					114490000			
		162300000	497680000			575390000	628230000	735300000
1322500000	1335400000	1187600000	1489100000	1667700000	1119700000	1307600000	1340200000	1231100000
800630000	453360000	505060000	223690000	214280000		253280000	285920000	238350000
77217000000	76229000000	76566000000	99141000000	99610000000	97601000000	83256000000	88266000000	82001000000
4362100000	4694700000	4785800000	2616700000	2521200000	2915500000	2818600000	3020800000	3308500000
	12168000		8291700		7779800	44913000	36567000	
		170280000	171510000			216830000	255510000	222590000
5733300000	6530200000	5688400000	10071000000	10702000000	10920000000	11040000000	11050000000	9710700000
41597000000	42204000000	41432000000	52647000000	57613000000	55032000000	58064000000	61269000000	52091000000
5443200000	3610500000	3338100000	5424100000	7716000000	4539600000	3605900000	3679700000	2991400000
552840000	759570000	144500000	455710000			467330000	266900000	
1.71E+11	1.77E+11	1.76E+11	2.46E+11	2.12E+11	2.12E+11	2.59E+11	2.65E+11	2.56E+11
77269000		196980000						
2201700000	2323800000	1731300000	2779100000	2289600000	2482700000	2223000000	2294300000	2013000000
390650000	473840000	337120000	6050400000	7594500000	6195300000	1012200000	1279300000	680480000
9091100000	8715700000	8344400000	9447000000	11548000000	9447900000	7590700000	8722600000	8192800000
3263500000	3665900000	3040100000	3399300000	2776500000	3521200000	3096000000	3364300000	3036300000
1362800000	1334000000	1416800000	2015700000	1531700000	2035200000	1686400000	1934600000	2010400000
3880900000	3166100000	3477500000	5070600000	4508400000	4698700000	4485200000	5351700000	5514700000
448190000	453020000	746750000	955530000		94923000	783320000	1211700000	862950000
344530000	315810000	287930000	323370000	412850000	338470000	309890000	423870000	464060000
654570000	460180000	840270000	678320000	849360000	760750000		420700000	621440000
199610000	156280000	146810000	183010000	195800000	183640000	176440000	147200000	
830430000	1180200000	969370000	968030000	417960000	1261600000	1203900000	1171100000	1786000000
9727600000	9581400000	10555000000	12061000000	12272000000	14259000000	21316000000	20985000000	19357000000
1543300000	1471200000	1491900000	1536400000	1410700000	1524800000	1344500000	1636500000	1707600000
11532000000	10563000000	7205100000	5632400000	439510000	1392500000	4205300000	304040000	618300000
1243800000	1580700000	1457100000	2739300000	1898500000	2085900000	1823800000	2132400000	1954000000
1608000000	1237900000	1754200000	1311200000	1323900000	1530200000	1101400000	666960000	1249900000
905020000	714550000	854370000	1137700000	640880000	1088100000	781390000	1308200000	960550000